-2.079	-9.781	0.000
-4.067	-9.135	0.000
-5.878	-8.090	0.000
-7.431	-6.691	0.000
-8.660	-5.000	0.000
-9.511	-3.090	0.000
-9.945	-1.045	0.000
-9.945	1.045	0.000
-9.511	3.090	0.000
-8.660	5.000	0.000
-7.431	6.691	0.000
-5.878	8.090	0.000
-4.067	9.135	0.000
-2.079	9.781	0.000
-0.000	10.000	0.000
2.079	9.781	0.000
4.067	9.135	0.000
5.878	8.090	0.000
7.431	6.691	0.000
8.660	5.000	0.000
9.511	3.090	0.000
9.945	1.045	0.000
9.945	-1.045	0.000
9.511	-3.090	0.000
8.660	-5.000	0.000
7.431	-6.691	0.000
5.878	-8.090	0.000
4.067	-9.135	0.000
2.079	-9.781	0.000
0.000	-10.000	0.000
2.000	2.523	4.973
2.000	3.040	4.891
2.000	3.545	4.755
2.000	4.034	4.568
2.000	4.500	4.330
2.000	4.939	4.045
2.000	5.346	3.716
2.000	5.716	3.346
2.000	6.045	2.939
2.000	6.330	2.500
2.000	6.568	2.034
2.000	6.755	1.545
2.000	6.891	1.040
2.000	6.973	0.523
2.000	7.000	-0.000
2.000	6.973	-0.523
2.000	6.891	-1.040
2.000	6.755	-1.545
2.000	6.568	-2.034
2.000	6.330	-2.500
2.000	6.045	-2.939
2.000	5.716	-3.346
2.000	5.346	-3.716
2.000	4.939	-4.045
2.000	4.500	-4.330
2.000	4.034	-4.568
2.000	3.545	-4.755
2.000	3.040	-4.891
2.000	2.523	-4.973
2.000	2.000	-5.000
