-2.703	-12.716	0.000
-5.288	-11.876	0.000
-7.641	-10.517	0.000
-9.661	-8.699	0.000
-11.258	-6.500	0.000
-12.364	-4.017	0.000
-12.929	-1.359	0.000
-12.929	1.359	0.000
-12.364	4.017	0.000
-11.258	6.500	0.000
-9.661	8.699	0.000
-7.641	10.517	0.000
-5.288	11.876	0.000
-2.703	12.716	0.000
-0.000	13.000	0.000
2.703	12.716	0.000
5.288	11.876	0.000
7.641	10.517	0.000
9.661	8.699	0.000
11.258	6.500	0.000
12.364	4.017	0.000
12.929	1.359	0.000
12.929	-1.359	0.000
12.364	-4.017	0.000
11.258	-6.500	0.000
9.661	-8.699	0.000
7.641	-10.517	0.000
5.288	-11.876	0.000
2.703	-12.716	0.000
0.000	-13.000	0.000
