-2.703	-12.716	0.000
-5.288	-11.876	0.000
-7.641	-10.517	0.000
-9.661	-8.699	0.000
-11.258	-6.500	0.000
-12.364	-4.017	0.000
-12.929	-1.359	0.000
-12.929	1.359	0.000
-12.364	4.017	0.000
-11.258	6.500	0.000
-9.661	8.699	0.000
-7.641	10.517	0.000
-5.288	11.876	0.000
-2.703	12.716	0.000
-0.000	13.000	0.000
2.703	12.716	0.000
5.288	11.876	0.000
7.641	10.517	0.000
9.661	8.699	0.000
11.258	6.500	0.000
12.364	4.017	0.000
12.929	1.359	0.000
12.929	-1.359	0.000
12.364	-4.017	0.000
11.258	-6.500	0.000
9.661	-8.699	0.000
7.641	-10.517	0.000
5.288	-11.876	0.000
2.703	-12.716	0.000
0.000	-13.000	0.000
2.000	12.555	-3.757
2.000	12.479	-3.496
2.000	12.408	-3.233
2.000	12.343	-2.969
2.000	12.284	-2.703
2.000	12.230	-2.436
2.000	12.182	-2.168
2.000	12.139	-1.899
2.000	12.103	-1.629
2.000	12.071	-1.359
2.000	12.046	-1.088
2.000	12.026	-0.816
2.000	12.011	-0.544
2.000	12.003	-0.272
2.000	12.000	-0.000
2.000	12.003	0.272
2.000	12.011	0.544
2.000	12.026	0.816
2.000	12.046	1.088
2.000	12.071	1.359
2.000	12.103	1.629
2.000	12.139	1.899
2.000	12.182	2.168
2.000	12.230	2.436
2.000	12.284	2.703
2.000	12.343	2.969
2.000	12.408	3.233
2.000	12.479	3.496
2.000	12.555	3.757
2.000	12.636	4.017
